aanda:
  onecol: 3.5422720354227204
  twocol: 7.243669572436696
apj:
  onecol: 3.3485540334855406
